$ANSIBLE_VAULT;1.1;AES256
36323235343633616235613939353935376436393832613161326465366663303862346263333838
3662336461613238393962616536326463363164653461630a363963636463333664363061366531
31633336666536363438356533613362323865376366646531626135626538373765313733376138
6232396633373130610a383836353332336132613335646364383438323332323664363438363935
36306661666439613736613736663061346635386664356665626339303461623138383435333431
62393930313465643436353937633866366263383834633731666436343064663031613839656166
32393430666137373430623634653763323935626537636232633035396666366231336462643065
34373763323339656264373039653035663837353331646664326165653635363737656130666234
66303365303435643737363635613733643830316435373164373965633766653334646235633963
62373736363864313033373266396431623161386464636666313066663064326237326131363239
31353762613461346237343739633735316166373035393165393166616538303939386432326261
39353534313635613638333239343538323561653733346439326533303663383162666134376632
61386631633137323731663063393061383039613464303738313661316131303139
