$ANSIBLE_VAULT;1.1;AES256
35366432366337613461336364646636393739313834626631373133343562326338323135396462
3932383263663439306432663161353032376136336435360a656262313135333961356331623932
38376530393238616534383339363731323464326565366532633861336335303036306238323933
3534356439353565630a356234326138613934623237383738373564623337366539316431323061
63613462636530633839396632636665373530363133626637313364386135396164313335353938
36323534386161343737646164363433663963313835333436353932613062303439303166393039
34333830343562386633353632383638363563616662303263326236303630636237356666613932
36303766376661653037666662336461396535303031343032313139613763306162666430333262
34333132396661376235313932306264653563353363666536653432336363353835333563623330
61666632353339653365353265623337333666383137383138336564613166323261323938643565
39343130656263633332316462363935323833666333646432393361623037653637386436666536
35666666646565333263313134336463646439646466656565353532336437323965616131613366
36623432343664336662656162653038383062373034303965636332376466376163653033326362
3863633936313838363839666362306435393731396631393432
